0,283
0,306
0,280
0,553
62,3
67,3
57,1
0,546
64,5
58,7
58,6
58,4
58,3
58,5
70,3
0,256
0,569
0,255
0,455
0,254
0,563
0,253
0,402
0,252
0,562
0,499
0,308
0,250
0,545
71,3
0,523
53,6
53,5
53,4
52,3
54,22
54,21
54,20
54,19
54,18
54,17
54,16
54,15
54,14
54,13
54,12
54,11
54,10
54,9
54,8
54,30
54,29
54,28
54,27
54,26
54,25
54,24
54,23
39,99
0,417
0,242
0,241
0,450
0,240
0,393
0,463
0,392
0,411
0,568
0,430
64,4
0,493
64,3
0,449
54,3
54,6
39,4
0,554
0,462
0,408
54,7
0,388
0,424
0,239
0,413
0,238
0,237
0,236
0,235
0,234
0,233
0,232
0,231
0,230
0,229
0,228
0,226
0,222
0,221
0,220
0,219
0,416
0,218
0,319
0,217
0,216
0,215
0,214
0,213
0,212
0,566
0,211
0,210
0,209
0,208
0,207
0,206
0,205
0,204
0,203
0,399
0,202
0,201
0,200
0,516
0,199
0,198
0,197
0,547
0,196
0,195
0,194
0,193
0,192
0,63
0,542
0,62
0,61
0,548
0,60
0,314
0,59
0,58
0,57
0,313
0,56
0,429
0,55
0,443
0,54
0,53
0,52
0,51
0,50
0,304
0,49
0,48
0,47
0,46
0,312
0,45
0,6
0,227
0,426
