32,4
32,1
32,3
36,4
36,1
36,3
37,5
37,1
37,3
31,4
31,1
31,3
30,1
30,3
40,4
40,1
40,3
34,4
35,1
35,3
34,5
34,1
34,3
33,1
33,3
41,5
3,2
3,1
3,3
10,185
10,149
10,95
10,178
10,303
10,262
10,9
11,10
11,18
11,30
11,19
11,29
8,7
8,17
8,18
8,13
0,318
2,2
2,1
2,3
41,3
41,1
39,65
39,64
39,36
39,35
39,34
39,33
39,32
39,31
39,30
39,29
39,28
39,27
39,26
39,25
39,24
39,23
39,22
39,21
39,20
39,19
39,18
39,17
39,16
39,15
39,14
39,13
39,12
39,11
39,10
39,9
39,8
39,7
39,6
39,5
39,4
39,3
39,1
20,3
20,2
20,1
19,3
19,2
19,1
18,3
18,1
14,5
14,4
14,3
14,1
13,3
13,1
12,3
12,2
12,1
11,28
11,27
11,23
11,20
11,17
11,15
11,14
11,13
11,11
11,8
11,7
